   S_p      F   zeta |   settle    blast |  A fit  peak err quiet err |   score
   4.0   0.25   0.05 |   16/23     1/3   |   2.20     0.119     1.498 |  12.616
   4.0   0.25   0.10 |   16/23     1/3   |   2.20     0.121     1.498 |  12.618
   4.0   0.25   0.20 |   16/23     1/3   |   2.21     0.124     1.766 |  12.890
   4.0   0.50   0.05 |   15/23     1/3   |   2.20     0.119     1.498 |  13.616
   4.0   0.50   0.10 |   15/23     1/3   |   2.20     0.121     1.498 |  13.618
   4.0   0.50   0.20 |   15/23     1/3   |   2.21     0.124     1.766 |  13.890
   4.0   1.00   0.05 |   16/23     1/3   |   2.20     0.119     1.498 |  12.616
   4.0   1.00   0.10 |   16/23     1/3   |   2.20     0.121     1.498 |  12.618
   4.0   1.00   0.20 |   16/23     1/3   |   2.21     0.124     1.766 |  12.890
   6.0   0.25   0.05 |   16/23     1/3   |   1.42     0.137     0.999 |  12.135
   6.0   0.25   0.10 |   16/23     1/3   |   1.43     0.139     1.195 |  12.334
   6.0   0.25   0.20 |   16/23     1/3   |   1.44     0.144     1.440 |  12.584
   6.0   0.50   0.05 |   15/23     1/3   |   1.42     0.137     0.999 |  13.135
   6.0   0.50   0.10 |   15/23     1/3   |   1.43     0.139     1.195 |  13.334
   6.0   0.50   0.20 |   15/23     1/3   |   1.44     0.144     1.440 |  13.584
   6.0   1.00   0.05 |   16/23     1/3   |   1.42     0.137     0.999 |  12.135
   6.0   1.00   0.10 |   16/23     1/3   |   1.43     0.139     1.195 |  12.334
   6.0   1.00   0.20 |   16/23     1/3   |   1.44     0.144     1.440 |  12.584
   9.0   0.25   0.05 |   16/23     1/3   |   0.93     0.165     0.865 |  12.030
   9.0   0.25   0.10 |   16/23     1/3   |   0.94     0.168     1.073 |  12.241
   9.0   0.25   0.20 |   16/23     1/3   |   0.94     0.160     1.386 |  12.547
   9.0   0.50   0.05 |   15/23     1/3   |   0.93     0.165     0.865 |  13.030
   9.0   0.50   0.10 |   15/23     1/3   |   0.94     0.168     1.073 |  13.241
   9.0   0.50   0.20 |   15/23     1/3   |   0.94     0.160     1.386 |  13.547
   9.0   1.00   0.05 |   16/23     1/3   |   0.93     0.165     0.865 |  12.030
   9.0   1.00   0.10 |   16/23     1/3   |   0.94     0.168     1.073 |  12.241
   9.0   1.00   0.20 |   16/23     1/3   |   0.94     0.160     1.386 |  12.547
best: S_p 9.0, F 0.25, zeta 0.05, A 0.93 (score 12.030)
