map         voxels    struct   bake s    util   after strength  unfix  float detached   rupt verdict
MAP01     84261570   3218520    173.4   16.75    0.50     2857      0   2868        0      0 stands (174 s)
MAP02     38696060   3078941    138.2    1.01    0.50      461      0      0        0      0 stands (138 s)
MAP03    426397378   8536044   1469.6    2.22    0.50     2099      0      0        0      0 stands (1471 s)
MAP04     56751903   3771085    174.1    2.51    0.50     7819      0      0        0      0 stands (174 s)
MAP05     90158709   6451856    250.0    1.48    0.50     1039      0      0        0      0 stands (251 s)
MAP06     67988642   3252800    127.3    2.54    0.50      631      0      0        0      0 stands (128 s)
MAP07    142798370   8074322    314.2    2.48    0.50     1525      0      0        0      0 stands (315 s)
MAP08     62833268   4718319    193.8    1.12    0.50     1815      0      0        0      0 stands (194 s)
MAP09    106553288   6220110    216.5    1.23    0.50      705      0      0        0      0 stands (217 s)
MAP10    253786951   8492092    387.9    4.03    0.50     2082      0      0        0      0 stands (389 s)
MAP11    486205638  16750337    909.7    8.81    0.50     5906      0      0        0      0 stands (912 s)
MAP12    118138459  15726295   1094.8    2.45    0.50     2588      0      0        0      0 stands (1097 s)
MAP13    208077284   7239503    621.5    2.23    0.50     1764      0      0        0      0 stands (622 s)
MAP14     73917214   5421279    410.2    1.27    0.50     1251      0      0        0      0 stands (411 s)
MAP15    202325373   8512163   1235.6    1.79    0.50     2415      0      0        0      0 stands (1237 s)
MAP16    106468610   8896565    568.3    1.53    0.50      490      0      0        0      0 stands (570 s)
MAP17    178109613   8650321    640.1    1.14    0.50      449      0      0        0      0 stands (641 s)
MAP18     64726924   6292421    832.6    1.22    0.50     1370      0      0        0      0 stands (833 s)
MAP19    479440656  12551690   1299.5    3.45    0.50     5695      0      0        0      0 stands (1306 s)
MAP20    1454068896  13976933   1916.1    4.62    0.50     5512      0  10032        0      0 stands (1925 s)
MAP21    204772422   7495837    530.7    1.78    0.50     1981      0      0        0      0 stands (531 s)
MAP22    124431863   7360059    327.8    3.13    0.50     4043      0      0        0      0 stands (328 s)
MAP23    2570607267  12805301   1211.9    1.14    0.50     4106      0      0        0      0 stands (1218 s)
MAP24     33214647   3418159    132.1    6.45    0.50     3131      0      0        0      0 stands (132 s)
MAP25    195665900  11489076    529.4    1.41    0.50     3057      0      0        0      0 stands (530 s)
MAP26    740354970  16702491    547.1    1.99    0.50     4055      0      0        0      0 stands (550 s)
MAP27    406026791  13705658    466.3    4.04    0.50     3440      0   6192        0      0 stands (467 s)
MAP28    389864156  13248937    484.7    2.02    0.50     3594      0   1628        0      0 stands (486 s)
MAP29     94462356  10306621    836.0    1.69    0.50      710      0      0        0      0 stands (836 s)
MAP30    235275095   5731954    184.3    0.58    0.46        8      0      0        0      0 stands (185 s)
MAP31     14893988   1766433     60.9    1.75    0.50      720      0      0        0      0 stands (61 s)
MAP32    180701079   8784534    249.6    0.55    0.49       18      0      0        0      0 stands (250 s)
E1M1      96213397   5262601    386.9    2.92    0.50     3782      0      0        0      0 stands (387 s)
E1M2     304164153   6437448    196.7    1.20    0.50      743      0      0        0      0 stands (198 s)
E1M3      77825038   5523455    146.1    2.95    0.50     1532      0      0        0      0 stands (146 s)
E1M4     171929688   9409370    233.6    1.10    0.50     1513      0      0        0      0 stands (234 s)
E1M5     146352523   6089911    159.0    2.99    0.50      306      0      0        0      0 stands (159 s)
E1M6     277866336  10639044    328.3    1.03    0.50      744      0      0        0      0 stands (329 s)
E1M7     160414615  14428326    439.8    1.42    0.50      937      0      0        0      0 stands (440 s)
E1M8      69059837   4970798    163.0    5.44    0.50      685      0      0        0      0 stands (163 s)
E1M9     139677088   7438670    241.8    3.90    0.50     2311      0      0        0      0 stands (242 s)
E2M1     404717351   9170784    643.2    1.69    0.50     5300      0      0        0      0 stands (644 s)
E2M2      23850894   1901673    149.8    1.45    0.50      921      0   1548        0      0 stands (150 s)
E2M3      61425111   5207222    187.1    2.14    0.50      198      0      0        0      0 stands (187 s)
E2M4     163726558   9784931    286.9    1.25    0.50     1790      0      0        0      0 stands (287 s)
E2M5     212014613   7198532    242.3    1.92    0.50     2831      0      0        0      0 stands (243 s)
E2M6      80343029   5780698    179.0    2.42    0.50     1206      0      0        0      0 stands (179 s)
E2M7     379434787  14320144    485.6    2.89    0.50     2049      0      0        0      0 stands (486 s)
E2M8      17473958   2974622     76.7    0.79    0.50      347      0      0        0      0 stands (77 s)
E2M9     160935695  11506163    434.5    1.47    0.50     3653      0      0        0      0 stands (435 s)
E3M1      91913408   5650962    168.3    1.55    0.50     1455      0      0        0      0 stands (168 s)
E3M2      58534667   4019644    118.3    1.65    0.50     1170      0      0        0      0 stands (118 s)
E3M3     398144499  11044871    366.8    6.06    0.50     3899      0   4194        0      0 stands (368 s)
E3M4     287088323   9082645    266.7    1.31    0.50      829      0      0        0      0 stands (267 s)
E3M5     175468911   9952654    333.8    1.24    0.50     1239      0      0        0      0 stands (334 s)
E3M6     216668288   6050375    187.0    1.40    0.50     1123      0      0        0      0 stands (188 s)
E3M7     832232362  15116071    537.1    0.93    0.50      424      0      0        0      0 stands (539 s)
E3M8      26102256   2324149     56.9    1.02    0.50     1165      0      0        0      0 stands (57 s)
E3M9     249392649  14011202   1233.0    1.98    0.50     6939      0      0        0      0 stands (1234 s)
E4M1     314168076   6910503    216.6    1.42    0.50     3231      0      0        0      0 stands (217 s)
E4M2     680948253  16644472    458.8    1.87    0.50     4185      0      0        0      0 stands (461 s)
E4M3     253658297  10681616    334.3    1.81    0.50     2267      0      0        0      0 stands (335 s)
E4M4     240894677   9469437    324.1    2.25    0.50     1616      0      0        0      0 stands (325 s)
E4M5     136959811   7492849    258.9    1.12    0.50     1757      0      0        0      0 stands (259 s)
E4M6     403771312  10803283    542.3    1.62    0.50     1982      0      0        0      0 stands (546 s)
E4M7     1079350672  18721335    634.7    2.37    0.50     4867      0    768        0      0 stands (637 s)
E4M8     1679430873  12033735    391.1    2.93    0.50     1198      0      0        0      0 stands (395 s)
E4M9     627826775  13241511    411.3    1.48    0.50     3337      0      0        0      0 stands (413 s)

68 maps, 68 stand, 0 fail
