wad map sectors structural_voxels components largest floating_comps floating_vox
freedoom1 E1M1 182 5262601 55 5056553 0 0
freedoom1 E1M2 380 6437448 32 6281188 0 0
freedoom1 E1M3 330 5523455 30 5496033 0 0
freedoom1 E1M4 274 9409370 82 9244282 0 0
freedoom1 E1M5 214 6089911 41 5997903 0 0
freedoom1 E1M6 395 10639044 49 10409234 0 0
freedoom1 E1M7 699 14428326 75 14020882 0 0
freedoom1 E1M8 97 4970798 47 4920352 0 0
freedoom1 E1M9 297 7438670 59 7369512 0 0
freedoom1 E2M1 256 9170784 63 8831112 0 0
freedoom1 E2M2 133 1903221 10 1888421 1 1548
freedoom1 E2M3 331 5207222 85 4894378 0 0
freedoom1 E2M4 702 9784931 48 9651749 0 0
freedoom1 E2M5 422 7198532 24 7032420 0 0
freedoom1 E2M6 393 5780698 43 5561498 0 0
freedoom1 E2M7 863 14320144 73 14180588 0 0
freedoom1 E2M8 54 2974622 7 2957022 0 0
freedoom1 E2M9 780 11506163 90 10452023 0 0
freedoom1 E3M1 111 5650962 21 5574456 0 0
freedoom1 E3M2 139 4019644 22 3948114 0 0
freedoom1 E3M3 735 11049065 131 10261437 4 9486
freedoom1 E3M4 424 9082645 74 6886110 0 0
freedoom1 E3M5 439 9952654 64 9795180 0 0
freedoom1 E3M6 183 6050375 40 4418469 0 0
freedoom1 E3M7 288 15116071 70 14079388 0 0
freedoom1 E3M8 33 2324149 7 2321901 0 0
freedoom1 E3M9 535 14011202 97 13464716 0 0
freedoom1 E4M1 324 6910503 23 6898769 0 0
freedoom1 E4M2 830 16644472 41 16585628 0 0
freedoom1 E4M3 417 10681616 28 10627832 0 0
freedoom1 E4M4 395 9469437 25 9093419 0 0
freedoom1 E4M5 401 7492849 9 7238995 0 0
freedoom1 E4M6 518 10803283 18 10755291 0 0
freedoom1 E4M7 983 18722103 162 18436555 1 768
freedoom1 E4M8 348 12033735 15 10375395 0 0
freedoom1 E4M9 651 13241511 42 12247321 0 0
freedoom2 MAP01 211 3221388 39 3132004 1 2868
freedoom2 MAP02 227 3078941 14 3034301 0 0
freedoom2 MAP03 315 8536044 51 8087762 0 0
freedoom2 MAP04 139 3771085 24 3477965 0 0
freedoom2 MAP05 185 6451856 81 6369882 0 0
freedoom2 MAP06 109 3252800 39 3163796 0 0
freedoom2 MAP07 233 8074322 39 7931928 1 5760
freedoom2 MAP08 238 4718319 39 4665027 0 0
freedoom2 MAP09 347 6220110 93 5954892 0 0
freedoom2 MAP10 423 8492092 78 7962718 1 1384
freedoom2 MAP11 648 16750337 125 16614947 0 0
freedoom2 MAP12 863 15726295 189 15219955 0 0
freedoom2 MAP13 243 7239503 56 7134575 0 0
freedoom2 MAP14 198 5421279 24 5073905 0 0
freedoom2 MAP15 777 8512163 113 8202402 0 0
freedoom2 MAP16 207 8896565 49 6964169 1 7832
freedoom2 MAP17 198 8650321 46 7988745 0 0
freedoom2 MAP18 278 6292421 60 6175773 0 0
freedoom2 MAP19 289 12551690 64 11390807 0 0
freedoom2 MAP20 414 13986965 119 9968850 4 10032
freedoom2 MAP21 196 7495837 39 7449985 0 0
freedoom2 MAP22 355 7360059 39 7106557 0 0
freedoom2 MAP23 539 12805301 82 9957562 0 0
freedoom2 MAP24 195 3418159 55 3333571 0 0
freedoom2 MAP25 666 11489076 225 10360248 2 6584
freedoom2 MAP26 348 16702491 123 15875689 0 0
freedoom2 MAP27 503 13711850 161 13031420 8 66208
freedoom2 MAP28 589 13250565 148 11933159 2 5510
freedoom2 MAP29 131 10306621 60 2568108 0 0
freedoom2 MAP30 27 5731954 15 4978118 0 0
freedoom2 MAP31 86 1766433 15 1762495 0 0
freedoom2 MAP32 146 8784534 38 7766188 5 33680
